FIPS,State,Area name,"Fraction of adults with less than a high school diploma, 2013-17","Fraction of adults with a high school diploma only, 2013-17","Fraction of adults completing some college or associate's degree, 2013-17","Fraction  of adults with a bachelor's degree or higher, 2013-17"
1001,AL,Autauga County,0.12300000000000001,0.336,0.29100000000000004,0.25
1003,AL,Baldwin County,0.098,0.278,0.317,0.307
1005,AL,Barbour County,0.26899999999999996,0.355,0.255,0.12
1007,AL,Bibb County,0.179,0.439,0.25,0.132
1009,AL,Blount County,0.20199999999999999,0.32299999999999995,0.344,0.131
1011,AL,Bullock County,0.28600000000000003,0.366,0.214,0.134
1013,AL,Butler County,0.18899999999999997,0.40399999999999997,0.245,0.161
1015,AL,Calhoun County,0.168,0.322,0.331,0.179
1017,AL,Chambers County,0.191,0.384,0.29100000000000004,0.133
1019,AL,Cherokee County,0.205,0.382,0.289,0.125
1021,AL,Chilton County,0.182,0.434,0.233,0.151
1023,AL,Choctaw County,0.19899999999999998,0.39899999999999997,0.28600000000000003,0.11599999999999999
1025,AL,Clarke County,0.185,0.44299999999999995,0.242,0.13
1027,AL,Clay County,0.267,0.337,0.293,0.10300000000000001
1029,AL,Cleburne County,0.242,0.374,0.26,0.124
1031,AL,Coffee County,0.146,0.293,0.33399999999999996,0.22699999999999998
1033,AL,Colbert County,0.161,0.337,0.314,0.188
1035,AL,Conecuh County,0.21,0.48,0.223,0.08800000000000001
1037,AL,Coosa County,0.23199999999999998,0.385,0.273,0.11
1039,AL,Covington County,0.18,0.35600000000000004,0.31,0.155
1041,AL,Crenshaw County,0.207,0.37799999999999995,0.252,0.163
1043,AL,Cullman County,0.179,0.359,0.313,0.149
1045,AL,Dale County,0.14,0.326,0.366,0.168
1047,AL,Dallas County,0.187,0.366,0.305,0.142
1049,AL,DeKalb County,0.264,0.34,0.266,0.13
1051,AL,Elmore County,0.136,0.341,0.295,0.228
1053,AL,Escambia County,0.19,0.43799999999999994,0.25,0.121
1055,AL,Etowah County,0.16899999999999998,0.325,0.337,0.16899999999999998
1057,AL,Fayette County,0.204,0.379,0.271,0.146
1059,AL,Franklin County,0.23600000000000002,0.375,0.255,0.134
1061,AL,Geneva County,0.21,0.35700000000000004,0.322,0.111
1063,AL,Greene County,0.23399999999999999,0.37,0.282,0.114
1065,AL,Hale County,0.18899999999999997,0.42700000000000005,0.239,0.14400000000000002
1067,AL,Henry County,0.19399999999999998,0.33899999999999997,0.297,0.171
1069,AL,Houston County,0.147,0.319,0.325,0.209
1071,AL,Jackson County,0.18600000000000003,0.40700000000000003,0.273,0.134
1073,AL,Jefferson County,0.106,0.268,0.307,0.319
1075,AL,Lamar County,0.205,0.376,0.287,0.133
1077,AL,Lauderdale County,0.141,0.353,0.281,0.225
1079,AL,Lawrence County,0.22,0.408,0.27,0.102
1081,AL,Lee County,0.10099999999999999,0.245,0.306,0.349
1083,AL,Limestone County,0.163,0.307,0.285,0.24600000000000002
1085,AL,Lowndes County,0.24,0.361,0.261,0.13699999999999998
1087,AL,Macon County,0.184,0.32299999999999995,0.292,0.201
1089,AL,Madison County,0.092,0.21100000000000002,0.292,0.406
1091,AL,Marengo County,0.168,0.396,0.281,0.154
1093,AL,Marion County,0.193,0.353,0.319,0.134
1095,AL,Marshall County,0.2,0.313,0.31,0.177
1097,AL,Mobile County,0.13699999999999998,0.326,0.306,0.23
1099,AL,Monroe County,0.17,0.467,0.23800000000000002,0.125
1101,AL,Montgomery County,0.14300000000000002,0.256,0.278,0.32299999999999995
1103,AL,Morgan County,0.175,0.299,0.318,0.209
1105,AL,Perry County,0.2,0.42,0.21100000000000002,0.16899999999999998
1107,AL,Pickens County,0.20199999999999999,0.37799999999999995,0.303,0.11800000000000001
1109,AL,Pike County,0.18899999999999997,0.33,0.233,0.247
1111,AL,Randolph County,0.214,0.36700000000000005,0.273,0.146
1113,AL,Russell County,0.171,0.324,0.336,0.16899999999999998
1115,AL,St. Clair County,0.158,0.36200000000000004,0.32,0.16
1117,AL,Shelby County,0.079,0.209,0.289,0.42200000000000004
1119,AL,Sumter County,0.17300000000000001,0.397,0.247,0.182
1121,AL,Talladega County,0.195,0.35100000000000003,0.318,0.136
1123,AL,Tallapoosa County,0.192,0.34,0.28600000000000003,0.182
1125,AL,Tuscaloosa County,0.11800000000000001,0.294,0.285,0.302
1127,AL,Walker County,0.2,0.373,0.316,0.111
1129,AL,Washington County,0.17600000000000002,0.44799999999999995,0.27,0.107
1131,AL,Wilcox County,0.209,0.43200000000000005,0.239,0.12
1133,AL,Winston County,0.228,0.36200000000000004,0.281,0.129
2010,AK,Aleutian Islands,,,,
2013,AK,Aleutians East Borough,0.142,0.41600000000000004,0.327,0.115
2016,AK,Aleutians West Census Area,0.11699999999999999,0.391,0.33,0.162
2020,AK,Anchorage Municipality,0.066,0.23800000000000002,0.35,0.34600000000000003
2050,AK,Bethel Census Area,0.198,0.447,0.22899999999999998,0.126
2060,AK,Bristol Bay Borough,0.07400000000000001,0.349,0.374,0.203
2068,AK,Denali Borough,0.013000000000000001,0.28600000000000003,0.257,0.445
2070,AK,Dillingham Census Area,0.136,0.387,0.304,0.174
2090,AK,Fairbanks North Star Borough,0.054000000000000006,0.217,0.39799999999999996,0.331
2100,AK,Haines Borough,0.034,0.284,0.335,0.34700000000000003
2105,AK,Hoonah-Angoon Census Area,0.09699999999999999,0.373,0.311,0.21899999999999997
2110,AK,Juneau City and Borough,0.04,0.205,0.35200000000000004,0.40299999999999997
2122,AK,Kenai Peninsula Borough,0.07400000000000001,0.312,0.37200000000000005,0.24100000000000002
2130,AK,Ketchikan Gateway Borough,0.081,0.304,0.374,0.24100000000000002
2150,AK,Kodiak Island Borough,0.115,0.289,0.355,0.24100000000000002
2158,AK,Kusilvak Census Area,0.218,0.522,0.21100000000000002,0.049
2160,AK,Kuskokwim Division,,,,
2164,AK,Lake and Peninsula Borough,0.12300000000000001,0.451,0.266,0.16
2170,AK,Matanuska-Susitna Borough,0.079,0.321,0.39399999999999996,0.20600000000000002
2180,AK,Nome Census Area,0.151,0.435,0.27399999999999997,0.14
2185,AK,North Slope Borough,0.11599999999999999,0.4,0.331,0.153
2188,AK,Northwest Arctic Borough,0.193,0.46399999999999997,0.235,0.10800000000000001
2195,AK,Petersburg Census Area,0.105,0.299,0.331,0.265
2198,AK,Prince of Wales-Hyder Census Area,0.1,0.37799999999999995,0.354,0.168
2201,AK,Prince of Wales-Outer Ketchikan Census Area,,,,
2220,AK,Sitka City and Borough,0.065,0.265,0.341,0.32899999999999996
2230,AK,Skagway Municipality,0.076,0.23399999999999999,0.368,0.322
2231,AK,Skagway-Yakutat-Angoon Census Area,,,,
2232,AK,Skagway-Hoonah-Angoon Census Area,,,,
2240,AK,Southeast Fairbanks Census Area,0.085,0.331,0.389,0.195
2250,AK,Upper Yukon Division,,,,
2261,AK,Valdez-Cordova Census Area,0.040999999999999995,0.28,0.35200000000000004,0.327
2275,AK,Wrangell City and Borough,0.11,0.366,0.32899999999999996,0.19399999999999998
2280,AK,Wrangell-Petersburg Census Area,,,,
2282,AK,Yakutat City and Borough,0.081,0.406,0.317,0.196
2290,AK,Yukon-Koyukuk Census Area,0.153,0.41700000000000004,0.306,0.124
4001,AZ,Apache County,0.214,0.33,0.342,0.115
4003,AZ,Cochise County,0.129,0.23,0.405,0.23600000000000002
4005,AZ,Coconino County,0.10300000000000001,0.213,0.32899999999999996,0.354
4007,AZ,Gila County,0.15,0.275,0.385,0.19
4009,AZ,Graham County,0.142,0.313,0.40399999999999997,0.141
4011,AZ,Greenlee County,0.10300000000000001,0.37,0.405,0.121
4012,AZ,La Paz County,0.228,0.37,0.29,0.11199999999999999
4013,AZ,Maricopa County,0.129,0.228,0.32899999999999996,0.314
4015,AZ,Mohave County,0.153,0.35600000000000004,0.368,0.12300000000000001
4017,AZ,Navajo County,0.174,0.3,0.371,0.155
4019,AZ,Pima County,0.11800000000000001,0.225,0.341,0.316
4021,AZ,Pinal County,0.14800000000000002,0.299,0.368,0.18600000000000003
4023,AZ,Santa Cruz County,0.24600000000000002,0.264,0.268,0.221
4025,AZ,Yavapai County,0.098,0.259,0.39299999999999996,0.25
4027,AZ,Yuma County,0.284,0.26,0.313,0.14300000000000002
5001,AR,Arkansas County,0.174,0.39,0.295,0.141
5003,AR,Ashley County,0.17,0.415,0.281,0.134
5005,AR,Baxter County,0.127,0.35200000000000004,0.337,0.184
5007,AR,Benton County,0.125,0.297,0.261,0.317
5009,AR,Boone County,0.14800000000000002,0.324,0.366,0.162
5011,AR,Bradley County,0.18600000000000003,0.42200000000000004,0.248,0.14400000000000002
5013,AR,Calhoun County,0.158,0.47700000000000004,0.242,0.12300000000000001
5015,AR,Carroll County,0.14300000000000002,0.359,0.305,0.193
5017,AR,Chicot County,0.198,0.408,0.262,0.132
5019,AR,Clark County,0.11800000000000001,0.317,0.301,0.264
5021,AR,Clay County,0.215,0.414,0.265,0.107
5023,AR,Cleburne County,0.156,0.392,0.293,0.159
5025,AR,Cleveland County,0.127,0.451,0.252,0.17
5027,AR,Columbia County,0.152,0.40399999999999997,0.22899999999999998,0.215
5029,AR,Conway County,0.14800000000000002,0.43799999999999994,0.256,0.158
5031,AR,Craighead County,0.11699999999999999,0.332,0.285,0.265
5033,AR,Crawford County,0.141,0.392,0.321,0.145
5035,AR,Crittenden County,0.18600000000000003,0.35700000000000004,0.28800000000000003,0.16899999999999998
5037,AR,Cross County,0.196,0.436,0.23,0.138
5039,AR,Dallas County,0.16899999999999998,0.424,0.267,0.141
5041,AR,Desha County,0.226,0.41,0.237,0.126
5043,AR,Drew County,0.168,0.381,0.266,0.185
5045,AR,Faulkner County,0.08800000000000001,0.305,0.31,0.297
5047,AR,Franklin County,0.191,0.4,0.29600000000000004,0.113
5049,AR,Fulton County,0.155,0.39399999999999996,0.32899999999999996,0.121
5051,AR,Garland County,0.11800000000000001,0.309,0.37200000000000005,0.201
5053,AR,Grant County,0.099,0.425,0.28600000000000003,0.19
5055,AR,Greene County,0.134,0.425,0.28,0.161
5057,AR,Hempstead County,0.19899999999999998,0.39,0.28,0.131
5059,AR,Hot Spring County,0.14400000000000002,0.414,0.304,0.138
5061,AR,Howard County,0.187,0.35,0.311,0.153
5063,AR,Independence County,0.149,0.376,0.295,0.18
5065,AR,Izard County,0.171,0.379,0.321,0.129
5067,AR,Jackson County,0.226,0.43200000000000005,0.25,0.092
5069,AR,Jefferson County,0.147,0.382,0.303,0.168
5071,AR,Johnson County,0.205,0.433,0.205,0.157
5073,AR,Lafayette County,0.193,0.418,0.239,0.15
5075,AR,Lawrence County,0.16,0.397,0.28800000000000003,0.155
5077,AR,Lee County,0.3,0.39299999999999996,0.223,0.084
5079,AR,Lincoln County,0.19699999999999998,0.522,0.201,0.079
5081,AR,Little River County,0.149,0.40399999999999997,0.344,0.10300000000000001
5083,AR,Logan County,0.162,0.444,0.273,0.12
5085,AR,Lonoke County,0.115,0.34299999999999997,0.341,0.201
5087,AR,Madison County,0.204,0.45899999999999996,0.222,0.11599999999999999
5089,AR,Marion County,0.138,0.376,0.326,0.16
5091,AR,Miller County,0.149,0.368,0.325,0.158
5093,AR,Mississippi County,0.177,0.392,0.31,0.122
5095,AR,Monroe County,0.223,0.42700000000000005,0.256,0.09300000000000001
5097,AR,Montgomery County,0.212,0.369,0.29600000000000004,0.12300000000000001
5099,AR,Nevada County,0.142,0.447,0.24,0.17
5101,AR,Newton County,0.18899999999999997,0.40700000000000003,0.247,0.157
5103,AR,Ouachita County,0.14800000000000002,0.42100000000000004,0.278,0.153
5105,AR,Perry County,0.166,0.40299999999999997,0.301,0.129
5107,AR,Phillips County,0.242,0.311,0.33399999999999996,0.113
5109,AR,Pike County,0.16699999999999998,0.363,0.32,0.149
5111,AR,Poinsett County,0.205,0.431,0.267,0.098
5113,AR,Polk County,0.14800000000000002,0.397,0.33,0.125
5115,AR,Pope County,0.16,0.341,0.27699999999999997,0.222
5117,AR,Prairie County,0.172,0.424,0.266,0.138
5119,AR,Pulaski County,0.096,0.265,0.302,0.337
5121,AR,Randolph County,0.175,0.363,0.317,0.145
5123,AR,St. Francis County,0.213,0.39399999999999996,0.298,0.095
5125,AR,Saline County,0.099,0.321,0.325,0.255
5127,AR,Scott County,0.22,0.40700000000000003,0.271,0.102
5129,AR,Searcy County,0.165,0.43700000000000006,0.268,0.131
5131,AR,Sebastian County,0.174,0.318,0.317,0.19
5133,AR,Sevier County,0.282,0.348,0.263,0.106
5135,AR,Sharp County,0.172,0.42100000000000004,0.302,0.105
5137,AR,Stone County,0.23199999999999998,0.336,0.298,0.134
5139,AR,Union County,0.161,0.363,0.275,0.201
5141,AR,Van Buren County,0.152,0.455,0.264,0.129
5143,AR,Washington County,0.158,0.266,0.257,0.319
5145,AR,White County,0.154,0.384,0.254,0.20800000000000002
5147,AR,Woodruff County,0.22899999999999998,0.423,0.23399999999999999,0.114
5149,AR,Yell County,0.21100000000000002,0.428,0.22399999999999998,0.13699999999999998
6001,CA,Alameda County,0.125,0.179,0.249,0.447
6003,CA,Alpine County,0.102,0.342,0.3,0.256
6005,CA,Amador County,0.10300000000000001,0.271,0.406,0.221
6007,CA,Butte County,0.11199999999999999,0.226,0.395,0.266
6009,CA,Calaveras County,0.1,0.276,0.431,0.193
6011,CA,Colusa County,0.306,0.23199999999999998,0.305,0.157
6013,CA,Contra Costa County,0.109,0.179,0.305,0.40700000000000003
6015,CA,Del Norte County,0.184,0.321,0.35100000000000003,0.14400000000000002
6017,CA,El Dorado County,0.071,0.215,0.381,0.33299999999999996
6019,CA,Fresno County,0.253,0.228,0.317,0.201
6021,CA,Glenn County,0.275,0.273,0.322,0.13
6023,CA,Humboldt County,0.095,0.24,0.371,0.294
6025,CA,Imperial County,0.316,0.235,0.306,0.14300000000000002
6027,CA,Inyo County,0.114,0.303,0.33,0.253
6029,CA,Kern County,0.262,0.27699999999999997,0.303,0.158
6031,CA,Kings County,0.271,0.255,0.34299999999999997,0.13
6033,CA,Lake County,0.153,0.303,0.391,0.153
6035,CA,Lassen County,0.177,0.324,0.375,0.124
6037,CA,Los Angeles County,0.218,0.207,0.262,0.312
6039,CA,Madera County,0.284,0.248,0.33,0.138
6041,CA,Marin County,0.068,0.11199999999999999,0.245,0.575
6043,CA,Mariposa County,0.099,0.282,0.375,0.244
6045,CA,Mendocino County,0.131,0.262,0.359,0.248
6047,CA,Merced County,0.311,0.251,0.3,0.138
6049,CA,Modoc County,0.145,0.305,0.385,0.166
6051,CA,Mono County,0.153,0.18899999999999997,0.34299999999999997,0.315
6053,CA,Monterey County,0.28800000000000003,0.207,0.266,0.239
6055,CA,Napa County,0.153,0.18100000000000002,0.321,0.34600000000000003
6057,CA,Nevada County,0.065,0.185,0.392,0.358
6059,CA,Orange County,0.153,0.17300000000000001,0.28300000000000003,0.391
6061,CA,Placer County,0.055,0.191,0.379,0.375
6063,CA,Plumas County,0.064,0.255,0.455,0.226
6065,CA,Riverside County,0.18899999999999997,0.264,0.332,0.215
6067,CA,Sacramento County,0.13,0.225,0.34600000000000003,0.299
6069,CA,San Benito County,0.209,0.247,0.35200000000000004,0.192
6071,CA,San Bernardino County,0.20800000000000002,0.262,0.332,0.198
6073,CA,San Diego County,0.133,0.18600000000000003,0.307,0.374
6075,CA,San Francisco County,0.121,0.12300000000000001,0.198,0.5579999999999999
6077,CA,San Joaquin County,0.21600000000000003,0.27399999999999997,0.33,0.18100000000000002
6079,CA,San Luis Obispo County,0.095,0.198,0.36700000000000005,0.34
6081,CA,San Mateo County,0.111,0.155,0.249,0.485
6083,CA,Santa Barbara County,0.196,0.174,0.298,0.33299999999999996
6085,CA,Santa Clara County,0.124,0.14800000000000002,0.22699999999999998,0.5
6087,CA,Santa Cruz County,0.136,0.155,0.311,0.39799999999999996
6089,CA,Shasta County,0.09300000000000001,0.257,0.436,0.214
6091,CA,Sierra County,0.071,0.254,0.461,0.214
6093,CA,Siskiyou County,0.107,0.251,0.415,0.22699999999999998
6095,CA,Solano County,0.124,0.233,0.387,0.256
6097,CA,Sonoma County,0.12300000000000001,0.191,0.34700000000000003,0.33799999999999997
6099,CA,Stanislaus County,0.222,0.282,0.32799999999999996,0.16699999999999998
6101,CA,Sutter County,0.213,0.249,0.36200000000000004,0.175
6103,CA,Tehama County,0.16,0.324,0.373,0.14400000000000002
6105,CA,Trinity County,0.102,0.319,0.384,0.195
6107,CA,Tulare County,0.314,0.258,0.29,0.138
6109,CA,Tuolumne County,0.09300000000000001,0.292,0.41,0.20600000000000002
6111,CA,Ventura County,0.16,0.18899999999999997,0.325,0.326
6113,CA,Yolo County,0.139,0.18899999999999997,0.267,0.406
6115,CA,Yuba County,0.179,0.24600000000000002,0.41200000000000003,0.16399999999999998
8001,CO,Adams County,0.174,0.28300000000000003,0.312,0.231
8003,CO,Alamosa County,0.16899999999999998,0.252,0.317,0.262
8005,CO,Arapahoe County,0.077,0.207,0.3,0.41600000000000004
8007,CO,Archuleta County,0.095,0.233,0.302,0.37
8009,CO,Baca County,0.145,0.266,0.374,0.214
8011,CO,Bent County,0.151,0.462,0.285,0.10300000000000001
8013,CO,Boulder County,0.054000000000000006,0.124,0.218,0.604
8014,CO,Broomfield County,0.042,0.145,0.278,0.534
8015,CO,Chaffee County,0.084,0.26899999999999996,0.32299999999999995,0.324
8017,CO,Cheyenne County,0.09699999999999999,0.32799999999999996,0.35700000000000004,0.21899999999999997
8019,CO,Clear Creek County,0.021,0.205,0.309,0.46399999999999997
8021,CO,Conejos County,0.15,0.304,0.354,0.192
8023,CO,Costilla County,0.222,0.252,0.318,0.209
8025,CO,Crowley County,0.151,0.43700000000000006,0.33,0.081
8027,CO,Custer County,0.063,0.2,0.40399999999999997,0.33299999999999996
8029,CO,Delta County,0.111,0.376,0.319,0.19399999999999998
8031,CO,Denver County,0.133,0.17600000000000002,0.226,0.465
8033,CO,Dolores County,0.091,0.377,0.33299999999999996,0.198
8035,CO,Douglas County,0.021,0.122,0.27699999999999997,0.58
8037,CO,Eagle County,0.10099999999999999,0.172,0.276,0.451
8039,CO,Elbert County,0.037000000000000005,0.252,0.361,0.35
8041,CO,El Paso County,0.063,0.201,0.363,0.373
8043,CO,Fremont County,0.102,0.39,0.337,0.171
8045,CO,Garfield County,0.125,0.285,0.28800000000000003,0.302
8047,CO,Gilpin County,0.02,0.226,0.38799999999999996,0.366
8049,CO,Grand County,0.046,0.275,0.29600000000000004,0.384
8051,CO,Gunnison County,0.043,0.17300000000000001,0.24600000000000002,0.537
8053,CO,Hinsdale County,0.07200000000000001,0.20600000000000002,0.313,0.408
8055,CO,Huerfano County,0.095,0.266,0.40299999999999997,0.23600000000000002
8057,CO,Jackson County,0.149,0.345,0.34,0.165
8059,CO,Jefferson County,0.057,0.207,0.304,0.431
8061,CO,Kiowa County,0.046,0.409,0.335,0.21
8063,CO,Kit Carson County,0.132,0.39299999999999996,0.316,0.158
8065,CO,Lake County,0.132,0.33399999999999996,0.222,0.312
8067,CO,La Plata County,0.048,0.196,0.324,0.431
8069,CO,Larimer County,0.042,0.195,0.304,0.45899999999999996
8071,CO,Las Animas County,0.127,0.28800000000000003,0.38299999999999995,0.20199999999999999
8073,CO,Lincoln County,0.122,0.532,0.213,0.132
8075,CO,Logan County,0.12,0.318,0.37200000000000005,0.19
8077,CO,Mesa County,0.098,0.28300000000000003,0.34700000000000003,0.272
8079,CO,Mineral County,0.036000000000000004,0.185,0.387,0.39299999999999996
8081,CO,Moffat County,0.099,0.401,0.32899999999999996,0.172
8083,CO,Montezuma County,0.1,0.294,0.326,0.28
8085,CO,Montrose County,0.107,0.335,0.324,0.23399999999999999
8087,CO,Morgan County,0.195,0.312,0.322,0.172
8089,CO,Otero County,0.147,0.282,0.39399999999999996,0.177
8091,CO,Ouray County,0.02,0.174,0.312,0.494
8093,CO,Park County,0.036000000000000004,0.292,0.387,0.285
8095,CO,Phillips County,0.107,0.315,0.36200000000000004,0.21600000000000003
8097,CO,Pitkin County,0.047,0.14300000000000002,0.19699999999999998,0.612
8099,CO,Prowers County,0.187,0.258,0.395,0.16
8101,CO,Pueblo County,0.11199999999999999,0.29,0.38,0.217
8103,CO,Rio Blanco County,0.078,0.326,0.386,0.209
8105,CO,Rio Grande County,0.16699999999999998,0.282,0.314,0.237
8107,CO,Routt County,0.039,0.207,0.23800000000000002,0.516
8109,CO,Saguache County,0.195,0.28300000000000003,0.263,0.26
8111,CO,San Juan County,0.035,0.374,0.293,0.298
8113,CO,San Miguel County,0.064,0.139,0.255,0.541
8115,CO,Sedgwick County,0.092,0.3,0.4,0.20800000000000002
8117,CO,Summit County,0.066,0.2,0.256,0.478
8119,CO,Teller County,0.049,0.254,0.355,0.341
8121,CO,Washington County,0.07,0.34299999999999997,0.42200000000000004,0.166
8123,CO,Weld County,0.12300000000000001,0.273,0.33399999999999996,0.27
8125,CO,Yuma County,0.146,0.32299999999999995,0.32,0.21
9001,CT,Fairfield County,0.106,0.22,0.21,0.465
9003,CT,Hartford County,0.106,0.271,0.249,0.374
9005,CT,Litchfield County,0.08,0.29100000000000004,0.28,0.35
9007,CT,Middlesex County,0.06,0.272,0.26,0.408
9009,CT,New Haven County,0.10099999999999999,0.307,0.247,0.34600000000000003
9011,CT,New London County,0.081,0.301,0.28800000000000003,0.32899999999999996
9013,CT,Tolland County,0.059000000000000004,0.272,0.273,0.397
9015,CT,Windham County,0.11599999999999999,0.327,0.312,0.244
10001,DE,Kent County,0.126,0.331,0.308,0.235
10003,DE,New Castle County,0.09,0.297,0.256,0.35700000000000004
10005,DE,Sussex County,0.132,0.33399999999999996,0.28300000000000003,0.251
11001,DC,District of Columbia,0.09699999999999999,0.17600000000000002,0.161,0.5660000000000001
12001,FL,Alachua County,0.079,0.221,0.28600000000000003,0.414
12003,FL,Baker County,0.158,0.41600000000000004,0.295,0.131
12005,FL,Bay County,0.109,0.309,0.359,0.22399999999999998
12007,FL,Bradford County,0.218,0.381,0.297,0.10400000000000001
12009,FL,Brevard County,0.083,0.285,0.348,0.284
12011,FL,Broward County,0.114,0.272,0.299,0.315
12013,FL,Calhoun County,0.226,0.40399999999999997,0.275,0.096
12015,FL,Charlotte County,0.1,0.34299999999999997,0.33299999999999996,0.22399999999999998
12017,FL,Citrus County,0.126,0.37799999999999995,0.317,0.17800000000000002
12019,FL,Clay County,0.08900000000000001,0.313,0.36200000000000004,0.237
12021,FL,Collier County,0.135,0.264,0.252,0.349
12023,FL,Columbia County,0.13,0.361,0.345,0.16399999999999998
12027,FL,DeSoto County,0.295,0.40399999999999997,0.18600000000000003,0.115
12029,FL,Dixie County,0.209,0.439,0.261,0.091
12031,FL,Duval County,0.106,0.27899999999999997,0.32799999999999996,0.287
12033,FL,Escambia County,0.094,0.273,0.373,0.26
12035,FL,Flagler County,0.081,0.335,0.349,0.23600000000000002
12037,FL,Franklin County,0.18600000000000003,0.36700000000000005,0.262,0.184
12039,FL,Gadsden County,0.203,0.36200000000000004,0.272,0.163
12041,FL,Gilchrist County,0.155,0.39899999999999997,0.322,0.124
12043,FL,Glades County,0.263,0.395,0.23199999999999998,0.109
12045,FL,Gulf County,0.157,0.366,0.292,0.185
12047,FL,Hamilton County,0.24600000000000002,0.41100000000000003,0.24100000000000002,0.102
12049,FL,Hardee County,0.28,0.439,0.175,0.105
12051,FL,Hendry County,0.349,0.33,0.237,0.084
12053,FL,Hernando County,0.122,0.36700000000000005,0.34,0.171
12055,FL,Highlands County,0.16,0.36700000000000005,0.301,0.171
12057,FL,Hillsborough County,0.11800000000000001,0.272,0.29,0.32
12059,FL,Holmes County,0.239,0.391,0.256,0.115
12061,FL,Indian River County,0.11599999999999999,0.309,0.298,0.278
12063,FL,Jackson County,0.203,0.35600000000000004,0.3,0.14
12065,FL,Jefferson County,0.191,0.32899999999999996,0.268,0.212
12067,FL,Lafayette County,0.261,0.384,0.214,0.14
12069,FL,Lake County,0.114,0.33299999999999996,0.33,0.22399999999999998
12071,FL,Lee County,0.127,0.309,0.292,0.272
12073,FL,Leon County,0.068,0.18600000000000003,0.29100000000000004,0.455
12075,FL,Levy County,0.165,0.414,0.302,0.11900000000000001
12077,FL,Liberty County,0.20199999999999999,0.488,0.198,0.111
12079,FL,Madison County,0.17800000000000002,0.385,0.312,0.125
12081,FL,Manatee County,0.111,0.306,0.292,0.29100000000000004
12083,FL,Marion County,0.132,0.369,0.305,0.19399999999999998
12085,FL,Martin County,0.09699999999999999,0.26,0.32,0.32299999999999995
12086,FL,Miami-Dade County,0.19,0.282,0.25,0.278
12087,FL,Monroe County,0.08800000000000001,0.278,0.316,0.318
12089,FL,Nassau County,0.086,0.33,0.312,0.272
12091,FL,Okaloosa County,0.084,0.253,0.366,0.298
12093,FL,Okeechobee County,0.261,0.384,0.24600000000000002,0.11
12095,FL,Orange County,0.11800000000000001,0.251,0.304,0.327
12097,FL,Osceola County,0.14,0.322,0.348,0.19
12099,FL,Palm Beach County,0.11900000000000001,0.249,0.28300000000000003,0.348
12101,FL,Pasco County,0.113,0.331,0.32899999999999996,0.22699999999999998
12103,FL,Pinellas County,0.09300000000000001,0.285,0.321,0.301
12105,FL,Polk County,0.157,0.355,0.293,0.195
12107,FL,Putnam County,0.204,0.401,0.26899999999999996,0.125
12109,FL,St. Johns County,0.055999999999999994,0.213,0.302,0.43
12111,FL,St. Lucie County,0.138,0.34,0.326,0.196
12113,FL,Santa Rosa County,0.09300000000000001,0.271,0.364,0.271
12115,FL,Sarasota County,0.075,0.29600000000000004,0.29100000000000004,0.33899999999999997
12117,FL,Seminole County,0.059000000000000004,0.21899999999999997,0.34600000000000003,0.376
12119,FL,Sumter County,0.084,0.301,0.306,0.309
12121,FL,Suwannee County,0.198,0.397,0.268,0.13699999999999998
12123,FL,Taylor County,0.205,0.426,0.28300000000000003,0.086
12125,FL,Union County,0.24100000000000002,0.377,0.3,0.083
12127,FL,Volusia County,0.10400000000000001,0.331,0.33899999999999997,0.22699999999999998
12129,FL,Wakulla County,0.125,0.36200000000000004,0.336,0.17800000000000002
12131,FL,Walton County,0.141,0.265,0.326,0.267
12133,FL,Washington County,0.195,0.41100000000000003,0.281,0.113
13001,GA,Appling County,0.249,0.401,0.235,0.115
13003,GA,Atkinson County,0.301,0.401,0.21600000000000003,0.08199999999999999
13005,GA,Bacon County,0.175,0.413,0.293,0.11800000000000001
13007,GA,Baker County,0.22399999999999998,0.373,0.293,0.11
13009,GA,Baldwin County,0.18,0.364,0.263,0.19399999999999998
13011,GA,Banks County,0.23,0.418,0.23199999999999998,0.11900000000000001
13013,GA,Barrow County,0.168,0.341,0.318,0.17300000000000001
13015,GA,Bartow County,0.17300000000000001,0.344,0.29,0.19399999999999998
13017,GA,Ben Hill County,0.18600000000000003,0.435,0.27699999999999997,0.102
13019,GA,Berrien County,0.19899999999999998,0.413,0.27,0.11699999999999999
13021,GA,Bibb County,0.149,0.322,0.275,0.254
13023,GA,Bleckley County,0.151,0.423,0.254,0.172
13025,GA,Brantley County,0.183,0.483,0.256,0.078
13027,GA,Brooks County,0.195,0.377,0.292,0.136
13029,GA,Bryan County,0.085,0.266,0.325,0.324
13031,GA,Bulloch County,0.133,0.272,0.316,0.27899999999999997
13033,GA,Burke County,0.2,0.37,0.313,0.11699999999999999
13035,GA,Butts County,0.22699999999999998,0.429,0.239,0.105
13037,GA,Calhoun County,0.257,0.401,0.248,0.094
13039,GA,Camden County,0.085,0.312,0.36700000000000005,0.23600000000000002
13043,GA,Candler County,0.243,0.35200000000000004,0.261,0.14400000000000002
13045,GA,Carroll County,0.174,0.345,0.284,0.196
13047,GA,Catoosa County,0.134,0.321,0.342,0.203
13049,GA,Charlton County,0.228,0.424,0.262,0.086
13051,GA,Chatham County,0.107,0.24100000000000002,0.32,0.332
13053,GA,Chattahoochee County,0.073,0.263,0.33399999999999996,0.33
13055,GA,Chattooga County,0.27,0.389,0.24100000000000002,0.10099999999999999
13057,GA,Cherokee County,0.092,0.24,0.312,0.35700000000000004
13059,GA,Clarke County,0.133,0.21100000000000002,0.243,0.413
13061,GA,Clay County,0.17300000000000001,0.447,0.29100000000000004,0.08900000000000001
13063,GA,Clayton County,0.159,0.331,0.319,0.191
13065,GA,Clinch County,0.264,0.342,0.271,0.12300000000000001
13067,GA,Cobb County,0.08800000000000001,0.18899999999999997,0.268,0.455
13069,GA,Coffee County,0.217,0.381,0.261,0.141
13071,GA,Colquitt County,0.26899999999999996,0.38299999999999995,0.223,0.125
13073,GA,Columbia County,0.077,0.247,0.332,0.344
13075,GA,Cook County,0.213,0.373,0.267,0.14800000000000002
13077,GA,Coweta County,0.11,0.3,0.3,0.29
13079,GA,Crawford County,0.156,0.37,0.34299999999999997,0.132
13081,GA,Crisp County,0.191,0.405,0.268,0.136
13083,GA,Dade County,0.209,0.342,0.31,0.139
13085,GA,Dawson County,0.132,0.28600000000000003,0.271,0.311
13087,GA,Decatur County,0.19399999999999998,0.358,0.299,0.149
13089,GA,DeKalb County,0.113,0.21100000000000002,0.255,0.42100000000000004
13091,GA,Dodge County,0.17,0.42,0.264,0.146
13093,GA,Dooly County,0.27,0.385,0.24600000000000002,0.099
13095,GA,Dougherty County,0.17300000000000001,0.29,0.32899999999999996,0.207
13097,GA,Douglas County,0.11800000000000001,0.315,0.301,0.267
13099,GA,Early County,0.196,0.363,0.271,0.17
13101,GA,Echols County,0.307,0.349,0.276,0.069
13103,GA,Effingham County,0.13,0.375,0.303,0.192
13105,GA,Elbert County,0.214,0.452,0.22399999999999998,0.111
13107,GA,Emanuel County,0.201,0.43200000000000005,0.243,0.125
13109,GA,Evans County,0.237,0.39299999999999996,0.214,0.155
13111,GA,Fannin County,0.142,0.376,0.292,0.19
13113,GA,Fayette County,0.051,0.204,0.278,0.467
13115,GA,Floyd County,0.19399999999999998,0.319,0.282,0.205
13117,GA,Forsyth County,0.075,0.16899999999999998,0.255,0.502
13119,GA,Franklin County,0.22699999999999998,0.391,0.254,0.128
13121,GA,Fulton County,0.083,0.183,0.23199999999999998,0.502
13123,GA,Gilmer County,0.18899999999999997,0.35100000000000003,0.275,0.18600000000000003
13125,GA,Glascock County,0.22399999999999998,0.424,0.258,0.094
13127,GA,Glynn County,0.11900000000000001,0.278,0.314,0.29
13129,GA,Gordon County,0.231,0.34600000000000003,0.28600000000000003,0.13699999999999998
13131,GA,Grady County,0.223,0.36200000000000004,0.278,0.13699999999999998
13133,GA,Greene County,0.17600000000000002,0.327,0.24100000000000002,0.256
13135,GA,Gwinnett County,0.125,0.231,0.29,0.353
13137,GA,Habersham County,0.22,0.33799999999999997,0.258,0.184
13139,GA,Hall County,0.218,0.275,0.271,0.235
13141,GA,Hancock County,0.302,0.418,0.193,0.087
13143,GA,Haralson County,0.21,0.368,0.28,0.141
13145,GA,Harris County,0.109,0.245,0.373,0.27399999999999997
13147,GA,Hart County,0.188,0.392,0.282,0.138
13149,GA,Heard County,0.19699999999999998,0.449,0.247,0.10800000000000001
13151,GA,Henry County,0.099,0.303,0.319,0.28
13153,GA,Houston County,0.09300000000000001,0.289,0.364,0.254
13155,GA,Irwin County,0.179,0.40700000000000003,0.28300000000000003,0.131
13157,GA,Jackson County,0.172,0.33,0.301,0.19699999999999998
13159,GA,Jasper County,0.239,0.381,0.276,0.105
13161,GA,Jeff Davis County,0.23,0.365,0.303,0.10300000000000001
13163,GA,Jefferson County,0.255,0.415,0.22399999999999998,0.106
13165,GA,Jenkins County,0.213,0.424,0.28,0.083
13167,GA,Johnson County,0.244,0.43200000000000005,0.228,0.096
13169,GA,Jones County,0.11699999999999999,0.384,0.292,0.207
13171,GA,Lamar County,0.145,0.377,0.295,0.184
13173,GA,Lanier County,0.201,0.33299999999999996,0.309,0.158
13175,GA,Laurens County,0.161,0.44299999999999995,0.242,0.154
13177,GA,Lee County,0.111,0.29,0.342,0.257
13179,GA,Liberty County,0.091,0.313,0.401,0.19399999999999998
13181,GA,Lincoln County,0.17,0.439,0.27,0.121
13183,GA,Long County,0.135,0.308,0.401,0.156
13185,GA,Lowndes County,0.156,0.294,0.298,0.252
13187,GA,Lumpkin County,0.16699999999999998,0.289,0.27699999999999997,0.267
13189,GA,McDuffie County,0.188,0.396,0.262,0.153
13191,GA,McIntosh County,0.172,0.361,0.32799999999999996,0.14
13193,GA,Macon County,0.272,0.33799999999999997,0.304,0.086
13195,GA,Madison County,0.177,0.37799999999999995,0.278,0.16699999999999998
13197,GA,Marion County,0.22899999999999998,0.37,0.276,0.125
13199,GA,Meriwether County,0.228,0.392,0.273,0.107
13201,GA,Miller County,0.179,0.39,0.317,0.114
13205,GA,Mitchell County,0.23399999999999999,0.385,0.258,0.12300000000000001
13207,GA,Monroe County,0.158,0.358,0.257,0.22699999999999998
13209,GA,Montgomery County,0.187,0.38299999999999995,0.276,0.155
13211,GA,Morgan County,0.134,0.34700000000000003,0.298,0.221
13213,GA,Murray County,0.324,0.371,0.209,0.096
13215,GA,Muscogee County,0.126,0.27699999999999997,0.337,0.26
13217,GA,Newton County,0.14800000000000002,0.326,0.327,0.19899999999999998
13219,GA,Oconee County,0.057,0.21,0.252,0.48200000000000004
13221,GA,Oglethorpe County,0.221,0.36,0.263,0.155
13223,GA,Paulding County,0.099,0.33,0.327,0.244
13225,GA,Peach County,0.142,0.308,0.34700000000000003,0.203
13227,GA,Pickens County,0.163,0.28800000000000003,0.3,0.249
13229,GA,Pierce County,0.18100000000000002,0.402,0.29,0.127
13231,GA,Pike County,0.11,0.41100000000000003,0.314,0.165
13233,GA,Polk County,0.233,0.382,0.258,0.127
13235,GA,Pulaski County,0.19899999999999998,0.401,0.27399999999999997,0.126
13237,GA,Putnam County,0.141,0.369,0.276,0.214
13239,GA,Quitman County,0.297,0.386,0.233,0.083
13241,GA,Rabun County,0.162,0.33399999999999996,0.251,0.253
13243,GA,Randolph County,0.263,0.35100000000000003,0.265,0.121
13245,GA,Richmond County,0.17,0.308,0.312,0.21
13247,GA,Rockdale County,0.131,0.32299999999999995,0.289,0.258
13249,GA,Schley County,0.187,0.345,0.331,0.13699999999999998
13251,GA,Screven County,0.18,0.408,0.264,0.147
13253,GA,Seminole County,0.16,0.409,0.281,0.151
13255,GA,Spalding County,0.19399999999999998,0.382,0.262,0.162
13257,GA,Stephens County,0.184,0.361,0.259,0.196
13259,GA,Stewart County,0.34299999999999997,0.38299999999999995,0.15,0.124
13261,GA,Sumter County,0.213,0.337,0.282,0.168
13263,GA,Talbot County,0.20800000000000002,0.43,0.237,0.125
13265,GA,Taliaferro County,0.309,0.475,0.14800000000000002,0.068
13267,GA,Tattnall County,0.256,0.389,0.23199999999999998,0.12300000000000001
13269,GA,Taylor County,0.23199999999999998,0.36,0.294,0.114
13271,GA,Telfair County,0.29600000000000004,0.474,0.149,0.081
13273,GA,Terrell County,0.242,0.314,0.336,0.10800000000000001
13275,GA,Thomas County,0.175,0.312,0.29100000000000004,0.222
13277,GA,Tift County,0.17800000000000002,0.348,0.306,0.168
13279,GA,Toombs County,0.19399999999999998,0.389,0.259,0.159
13281,GA,Towns County,0.109,0.304,0.331,0.256
13283,GA,Treutlen County,0.237,0.35700000000000004,0.251,0.155
13285,GA,Troup County,0.16399999999999998,0.355,0.295,0.185
13287,GA,Turner County,0.235,0.377,0.253,0.135
13289,GA,Twiggs County,0.314,0.382,0.212,0.092
13291,GA,Union County,0.113,0.34600000000000003,0.321,0.22
13293,GA,Upson County,0.20800000000000002,0.369,0.293,0.129
13295,GA,Walker County,0.187,0.371,0.28800000000000003,0.155
13297,GA,Walton County,0.132,0.381,0.297,0.19
13299,GA,Ware County,0.17600000000000002,0.413,0.276,0.135
13301,GA,Warren County,0.249,0.439,0.175,0.13699999999999998
13303,GA,Washington County,0.213,0.418,0.23800000000000002,0.131
13305,GA,Wayne County,0.187,0.39799999999999996,0.28800000000000003,0.127
13307,GA,Webster County,0.191,0.491,0.20600000000000002,0.113
13309,GA,Wheeler County,0.231,0.49700000000000005,0.19,0.081
13311,GA,White County,0.14800000000000002,0.317,0.33299999999999996,0.20199999999999999
13313,GA,Whitfield County,0.311,0.289,0.254,0.146
13315,GA,Wilcox County,0.193,0.498,0.204,0.105
13317,GA,Wilkes County,0.214,0.41600000000000004,0.22699999999999998,0.14300000000000002
13319,GA,Wilkinson County,0.174,0.521,0.215,0.09
13321,GA,Worth County,0.21899999999999997,0.391,0.27899999999999997,0.11
15001,HI,Hawaii County,0.077,0.311,0.325,0.28600000000000003
15003,HI,Honolulu County,0.086,0.262,0.312,0.34
15005,HI,Kalawao County,0.127,0.253,0.392,0.228
15007,HI,Kauai County,0.08199999999999999,0.312,0.32299999999999995,0.282
15009,HI,Maui County,0.079,0.315,0.344,0.263
16001,ID,Ada County,0.053,0.22399999999999998,0.34700000000000003,0.376
16003,ID,Adams County,0.109,0.37200000000000005,0.317,0.203
16005,ID,Bannock County,0.08,0.26,0.379,0.281
16007,ID,Bear Lake County,0.063,0.385,0.35,0.203
16009,ID,Benewah County,0.13699999999999998,0.391,0.332,0.141
16011,ID,Bingham County,0.132,0.309,0.36700000000000005,0.193
16013,ID,Blaine County,0.113,0.215,0.268,0.40399999999999997
16015,ID,Boise County,0.065,0.284,0.36,0.292
16017,ID,Bonner County,0.08900000000000001,0.303,0.384,0.22399999999999998
16019,ID,Bonneville County,0.085,0.262,0.36,0.293
16021,ID,Boundary County,0.10300000000000001,0.37200000000000005,0.34299999999999997,0.182
16023,ID,Butte County,0.079,0.364,0.402,0.155
16025,ID,Camas County,0.095,0.326,0.373,0.20600000000000002
16027,ID,Canyon County,0.154,0.321,0.344,0.18100000000000002
16029,ID,Caribou County,0.08,0.35200000000000004,0.368,0.201
16031,ID,Cassia County,0.19,0.293,0.336,0.18100000000000002
16033,ID,Clark County,0.293,0.28300000000000003,0.254,0.17
16035,ID,Clearwater County,0.106,0.35100000000000003,0.369,0.174
16037,ID,Custer County,0.10300000000000001,0.314,0.35600000000000004,0.226
16039,ID,Elmore County,0.122,0.27899999999999997,0.423,0.17600000000000002
16041,ID,Franklin County,0.09300000000000001,0.331,0.375,0.20199999999999999
16043,ID,Fremont County,0.121,0.32299999999999995,0.345,0.21100000000000002
16045,ID,Gem County,0.12300000000000001,0.392,0.317,0.16899999999999998
16047,ID,Gooding County,0.221,0.34700000000000003,0.285,0.147
16049,ID,Idaho County,0.10099999999999999,0.35,0.35700000000000004,0.191
16051,ID,Jefferson County,0.122,0.28300000000000003,0.382,0.212
16053,ID,Jerome County,0.24100000000000002,0.324,0.304,0.13
16055,ID,Kootenai County,0.071,0.272,0.41100000000000003,0.245
16057,ID,Latah County,0.038,0.19,0.308,0.46399999999999997
16059,ID,Lemhi County,0.1,0.322,0.355,0.223
16061,ID,Lewis County,0.10300000000000001,0.32899999999999996,0.405,0.163
16063,ID,Lincoln County,0.21899999999999997,0.358,0.332,0.091
16065,ID,Madison County,0.046,0.15,0.429,0.375
16067,ID,Minidoka County,0.226,0.294,0.33799999999999997,0.142
16069,ID,Nez Perce County,0.08,0.314,0.38,0.22699999999999998
16071,ID,Oneida County,0.09,0.364,0.395,0.151
16073,ID,Owyhee County,0.249,0.349,0.305,0.09699999999999999
16075,ID,Payette County,0.131,0.34600000000000003,0.38,0.142
16077,ID,Power County,0.23399999999999999,0.33,0.278,0.158
16079,ID,Shoshone County,0.14800000000000002,0.374,0.354,0.124
16081,ID,Teton County,0.073,0.172,0.32899999999999996,0.425
16083,ID,Twin Falls County,0.12300000000000001,0.285,0.4,0.191
16085,ID,Valley County,0.055999999999999994,0.23399999999999999,0.402,0.308
16087,ID,Washington County,0.161,0.331,0.344,0.16399999999999998
17001,IL,Adams County,0.083,0.349,0.335,0.23399999999999999
17003,IL,Alexander County,0.215,0.34700000000000003,0.33,0.107
17005,IL,Bond County,0.109,0.39299999999999996,0.305,0.193
17007,IL,Boone County,0.132,0.35600000000000004,0.294,0.217
17009,IL,Brown County,0.162,0.379,0.32799999999999996,0.132
17011,IL,Bureau County,0.08900000000000001,0.386,0.336,0.18899999999999997
17013,IL,Calhoun County,0.087,0.451,0.325,0.13699999999999998
17015,IL,Carroll County,0.085,0.424,0.317,0.174
17017,IL,Cass County,0.155,0.45799999999999996,0.253,0.134
17019,IL,Champaign County,0.049,0.22,0.292,0.439
17021,IL,Christian County,0.111,0.425,0.3,0.16399999999999998
17023,IL,Clark County,0.085,0.384,0.359,0.171
17025,IL,Clay County,0.11,0.366,0.375,0.149
17027,IL,Clinton County,0.109,0.317,0.35200000000000004,0.221
17029,IL,Coles County,0.092,0.306,0.342,0.26
17031,IL,Cook County,0.138,0.235,0.255,0.37200000000000005
17033,IL,Crawford County,0.132,0.31,0.389,0.16899999999999998
17035,IL,Cumberland County,0.114,0.381,0.354,0.15
17037,IL,DeKalb County,0.073,0.26,0.361,0.306
17039,IL,De Witt County,0.084,0.37200000000000005,0.341,0.203
17041,IL,Douglas County,0.174,0.336,0.301,0.18899999999999997
17043,IL,DuPage County,0.076,0.185,0.259,0.48
17045,IL,Edgar County,0.114,0.384,0.325,0.17600000000000002
17047,IL,Edwards County,0.10400000000000001,0.358,0.413,0.125
17049,IL,Effingham County,0.079,0.36700000000000005,0.327,0.226
17051,IL,Fayette County,0.174,0.41200000000000003,0.294,0.11900000000000001
17053,IL,Ford County,0.10400000000000001,0.38,0.324,0.192
17055,IL,Franklin County,0.128,0.319,0.401,0.152
17057,IL,Fulton County,0.124,0.336,0.363,0.177
17059,IL,Gallatin County,0.126,0.401,0.345,0.128
17061,IL,Greene County,0.133,0.42200000000000004,0.325,0.12
17063,IL,Grundy County,0.067,0.344,0.363,0.226
17065,IL,Hamilton County,0.098,0.37,0.36200000000000004,0.16899999999999998
17067,IL,Hancock County,0.07400000000000001,0.386,0.342,0.19699999999999998
17069,IL,Hardin County,0.184,0.345,0.359,0.111
17071,IL,Henderson County,0.10400000000000001,0.45799999999999996,0.29600000000000004,0.142
17073,IL,Henry County,0.10800000000000001,0.34,0.331,0.221
17075,IL,Iroquois County,0.105,0.418,0.33299999999999996,0.14300000000000002
17077,IL,Jackson County,0.079,0.24600000000000002,0.314,0.36200000000000004
17079,IL,Jasper County,0.113,0.392,0.321,0.174
17081,IL,Jefferson County,0.147,0.315,0.377,0.161
17083,IL,Jersey County,0.086,0.358,0.358,0.19699999999999998
17085,IL,Jo Daviess County,0.08,0.37200000000000005,0.313,0.235
17087,IL,Johnson County,0.16899999999999998,0.318,0.35100000000000003,0.162
17089,IL,Kane County,0.166,0.23,0.281,0.324
17091,IL,Kankakee County,0.121,0.33899999999999997,0.342,0.198
17093,IL,Kendall County,0.08,0.22399999999999998,0.348,0.348
17095,IL,Knox County,0.12,0.35700000000000004,0.344,0.179
17097,IL,Lake County,0.09699999999999999,0.21100000000000002,0.249,0.442
17099,IL,La Salle County,0.113,0.36200000000000004,0.348,0.17800000000000002
17101,IL,Lawrence County,0.172,0.37,0.34299999999999997,0.11599999999999999
17103,IL,Lee County,0.111,0.353,0.358,0.17800000000000002
17105,IL,Livingston County,0.107,0.435,0.307,0.151
17107,IL,Logan County,0.10800000000000001,0.359,0.335,0.198
17109,IL,McDonough County,0.071,0.307,0.295,0.326
17111,IL,McHenry County,0.07200000000000001,0.265,0.33,0.332
17113,IL,McLean County,0.042,0.253,0.258,0.447
17115,IL,Macon County,0.1,0.34299999999999997,0.33,0.22699999999999998
17117,IL,Macoupin County,0.094,0.386,0.335,0.185
